selection_sort
128 8128.0 0.0008083820343017579
256 32640.0 0.003078460693359375
512 130816.0 0.013645410537719728
1024 523776.0 0.05577898025512695
2048 2096128.0 0.22359809875488282
4096 8386560.0 0.9107317924499512
8192 33550336.0 3.624937009811401
16384 134209536.0 14.404262351989743
32768 536854528.0 57.95497374534607
insertion_sort
128 722.4 0.0005009651184082031
256 1698.6 0.0016262054443359375
512 3906.2000000000003 0.006591367721557618
1024 8822.0 0.02823352813720703
2048 19681.6 0.11114115715026857
4096 43472.2 0.45827999114990237
8192 95150.0 1.8169301986694337
16384 206658.19999999998 7.192399454116822
32768 446141.80000000005 28.86968536376953
merge_sort
128 736.0 0.00044078826904296874
256 1729.0 0.0009694099426269531
512 3957.0 0.0021086692810058593
1024 8945.8 0.004635715484619141
2048 19936.199999999997 0.010072851181030271
4096 43951.600000000006 0.02272825241088867
8192 96151.2 0.047183370590209966
16384 208616.0 0.10014181137084961
32768 450030.6 0.2148448944091797
shell_sort
128 1364.6 0.00034551620483398433
256 3715.5999999999995 0.0009195804595947266
512 9369.199999999999 0.002627658843994141
1024 26167.8 0.007962703704833984
2048 66623.6 0.020565223693847657
4096 191722.0 0.059715175628662104
8192 506592.2 0.1669065475463867
16384 1427068.4 0.4323095798492431
32768 3471432.0 1.0681446552276612
