selection_sort
128 8128.0 0.0007817745208740234
256 32640.0 0.003023386001586914
512 130816.0 0.013247489929199219
1024 523776.0 0.05454373359680176
2048 2096128.0 0.21557879447937012
4096 8386560.0 0.8586063385009766
8192 33550336.0 3.4328701496124268
16384 134209536.0 13.805158138275146
32768 536854528.0 55.18705916404724
insertion_sort
128 769.0 0.0002186298370361328
256 1793.0 0.00048351287841796875
512 4097.0 0.0011997222900390625
1024 9217.0 0.0027704238891601562
2048 20481.0 0.00621342658996582
4096 45057.0 0.01360630989074707
8192 98305.0 0.029503822326660156
16384 212993.0 0.0636293888092041
32768 458753.0 0.1366581916809082
merge_sort
128 448.0 0.0003845691680908203
256 1024.0 0.0008165836334228516
512 2304.0 0.0017693042755126953
1024 5120.0 0.0037870407104492188
2048 11264.0 0.008169412612915039
4096 24576.0 0.017363309860229492
8192 53248.0 0.03691458702087402
16384 114688.0 0.07828354835510254
32768 245760.0 0.16775083541870117
shell_sort
128 769.0 0.00019216537475585938
256 1793.0 0.00046253204345703125
512 4097.0 0.0011975765228271484
1024 9217.0 0.0030090808868408203
2048 20481.0 0.0068285465240478516
4096 45057.0 0.015740394592285156
8192 98305.0 0.03346085548400879
16384 212993.0 0.07516145706176758
32768 458753.0 0.1569671630859375
