selection_sort
128 8128.0 0.0009250640869140625
256 32640.0 0.0035054683685302734
512 130816.0 0.015126705169677734
1024 523776.0 0.06151843070983887
2048 2096128.0 0.2510387897491455
4096 8386560.0 0.9837479591369629
8192 33550336.0 3.9168381690979004
16384 134209536.0 15.689090967178345
32768 536854528.0 62.74756407737732
insertion_sort
128 649.0 0.0007650852203369141
256 1546.0 0.0027141571044921875
512 3595.0 0.011121273040771484
1024 8204.0 0.0475919246673584
2048 18445.0 0.19813156127929688
4096 40974.0 0.8268475532531738
8192 90127.0 3.2627620697021484
16384 196624.0 13.142523050308228
32768 426001.0 53.25272226333618
merge_sort
128 448.0 0.0003914833068847656
256 1024.0 0.0008311271667480469
512 2304.0 0.0017747879028320312
1024 5120.0 0.0038383007049560547
2048 11264.0 0.008269071578979492
4096 24576.0 0.017479896545410156
8192 53248.0 0.03745412826538086
16384 114688.0 0.07890892028808594
32768 245760.0 0.16832876205444336
shell_sort
128 1090.0 0.00028705596923828125
256 2562.0 0.0006778240203857422
512 5890.0 0.0017387866973876953
1024 13314.0 0.004262685775756836
2048 29698.0 0.009419679641723633
4096 65538.0 0.021666765213012695
8192 143362.0 0.0459291934967041
16384 311298.0 0.10400629043579102
32768 671746.0 0.22262191772460938
