selection_sort
128 8128.0 0.000809351603190104
256 32640.0 0.0031137466430664062
512 130816.0 0.013537089029947914
1024 523776.0 0.0553723176320394
2048 2096128.0 0.2223515510559082
4096 8386560.0 0.8834079106648765
8192 33550336.0 3.53441866238912
16384 134209536.0 14.135190725326538
32768 536854528.0 56.58113233248393
insertion_sort
128 737.0 0.0003991127014160156
256 1731.6666666666665 0.0012722015380859375
512 3975.333333333333 0.004952033360799153
1024 8928.333333333332 0.019126335779825844
2048 19935.333333333336 0.07552854220072429
4096 44016.666666666664 0.29113658269246423
8192 96179.33333333334 1.1523260275522866
16384 208755.33333333337 4.521212736765544
32768 450254.0 18.079143524169922
merge_sort
128 681.3333333333334 0.00043392181396484375
256 1556.6666666666665 0.0009413560231526692
512 3482.0 0.0020279884338378906
1024 7920.333333333333 0.004450162251790364
2048 17454.333333333332 0.009584824244181316
4096 38357.0 0.020532687505086265
8192 83539.33333333333 0.04386091232299805
16384 181437.33333333334 0.09339610735575357
32768 389719.3333333333 0.19812790552775067
shell_sort
128 904.0 0.00023825963338216144
256 2263.0 0.0005826950073242188
512 4966.333333333333 0.0013815561930338542
1024 11671.0 0.003426392873128255
2048 24826.66666666667 0.007501761118570963
4096 54258.0 0.016365925470987957
8192 118638.0 0.036084254582722984
16384 252912.0 0.07676553726196289
32768 577915.6666666666 0.17447884877522785
